Nombre del problema: BCSSTK22
110 110 254
1    53
1    57
1    60
1    79
1    91
2     6
2     8
2    87
3    16
3    25
3    31
3    63
3    86
3   105
4    20
4    54
4    57
4   109
5    37
5    39
5    59
5    70
5   106
5   107
6     8
6    32
6    37
6    87
6   107
7    38
7    82
7    88
7   101
7   102
8    17
8    87
8    97
9    18
9    22
9    38
9    65
9   102
10    73
10    80
11    19
11    56
11    75
11    76
11    92
11   110
12    32
12    33
12    37
12    39
12    98
12   103
13    56
13    64
13    66
13    71
13   110
14    18
15    29
15    48
15    50
15    62
16    25
16    36
16    42
16    63
16    68
17    26
17    44
17    85
17    97
18    50
18    65
19    29
19    62
19    75
19    76
19    88
20    90
21    23
21    72
22    38
22   102
23    80
24    28
24    91
25    63
25    77
25    86
25   105
26    44
27    50
27    55
28    91
29    48
29    62
29    75
30    36
30    55
30    67
31    45
31    68
31    77
31    89
31    99
32    70
32    87
32   103
33    61
33    93
33    98
33   103
33   104
34    57
35    74
35   108
36    42
36    63
36    67
37    87
37   103
38    48
38    82
38   102
39    41
39    59
39    70
39   104
40    47
40    65
41    59
41    84
41    94
41    98
41   104
42    63
42    67
43    78
43    85
45    49
45    55
45    63
45    68
45    77
46    53
46    69
46    79
46    96
47    65
48    50
48    62
49    51
49    55
49    68
51    72
52    81
52    88
52    92
52    95
52   101
53    54
53    60
53    79
53    83
54    64
54    71
54   109
55    68
56    66
56    76
56   110
57    91
58    67
58   100
59    70
59   103
59   104
60    79
61    86
61    93
61    94
61    98
61   105
62    75
62    82
64    66
64    71
64    83
64   109
65   108
66    69
66    71
66   110
67    74
67   100
68    77
69    81
69    83
69    95
69    96
70   106
70   107
71   109
73    85
73    90
73   106
73   107
75    76
76   110
77    89
77    99
78    91
79    83
81    92
81    95
81    96
81   110
82    88
82   101
82   102
83    96
84    89
84    93
84    94
84    99
84   104
85    90
85   106
85   107
86    89
86    93
86   105
87   106
88    92
88   101
89    94
89    99
90    97
90   106
90   107
92    95
92   101
93    98
93   105
94    99
94   104
95    96
98   103
99   105
106   107
