Nombre del problema: BFW62b
62 62 140
1     4
1    20
1    24
2     3
2     6
2    21
2    30
3     5
3     6
3     7
3    16
3    28
3    29
3    32
3    36
4     8
4    17
4    25
4    33
4    37
5     7
5     9
5    23
5    34
5    38
6     7
6    10
6    19
6    34
6    42
7     9
7    10
7    11
7    26
7    30
7    40
7    41
7    44
7    48
8    12
8    27
8    31
8    45
8    49
9    11
9    13
9    36
9    46
9    50
10    11
10    32
10    46
10    54
11    13
11    38
11    42
11    52
11    53
11    59
12    14
12    39
12    43
12    56
12    60
13    48
13    57
14    51
14    55
15    16
16    19
16    21
17    18
17    20
17    22
19    21
19    29
19    30
20    22
20    31
21    23
22    24
22    25
23    26
23    28
24    25
24    27
26    28
26    34
26    36
27    35
27    37
29    30
30    32
30    34
31    33
31    35
32    34
32    41
32    42
33    35
33    43
34    36
35    37
36    38
36    40
37    39
38    40
38    46
38    48
39    47
39    49
41    42
42    44
42    46
43    45
43    47
44    46
44    53
44    54
45    47
45    55
46    48
47    49
48    50
48    52
49    51
50    52
50    57
50    59
51    58
51    60
53    54
54    57
55    56
55    58
56    58
57    59
58    60
59    62
60    61
