Nombre del problema: CAT352
352 352 351
1     2
2     3
2    53
2    54
2    55
2    56
2    57
2    58
3     4
3    59
3    60
3    61
3    62
3    63
3    64
4     5
4    65
4    66
4    67
4    68
4    69
4    70
5     6
5    71
5    72
5    73
5    74
5    75
5    76
6     7
6    77
6    78
6    79
6    80
6    81
6    82
7     8
7    83
7    84
7    85
7    86
7    87
7    88
8     9
8    89
8    90
8    91
8    92
8    93
8    94
9    10
9    95
9    96
9    97
9    98
9    99
9   100
10    11
10   101
10   102
10   103
10   104
10   105
10   106
11    12
11   107
11   108
11   109
11   110
11   111
11   112
12    13
12   113
12   114
12   115
12   116
12   117
12   118
13    14
13   119
13   120
13   121
13   122
13   123
13   124
14    15
14   125
14   126
14   127
14   128
14   129
14   130
15    16
15   131
15   132
15   133
15   134
15   135
15   136
16    17
16   137
16   138
16   139
16   140
16   141
16   142
17    18
17   143
17   144
17   145
17   146
17   147
17   148
18    19
18   149
18   150
18   151
18   152
18   153
18   154
19    20
19   155
19   156
19   157
19   158
19   159
19   160
20    21
20   161
20   162
20   163
20   164
20   165
20   166
21    22
21   167
21   168
21   169
21   170
21   171
21   172
22    23
22   173
22   174
22   175
22   176
22   177
22   178
23    24
23   179
23   180
23   181
23   182
23   183
23   184
24    25
24   185
24   186
24   187
24   188
24   189
24   190
25    26
25   191
25   192
25   193
25   194
25   195
25   196
26    27
26   197
26   198
26   199
26   200
26   201
26   202
27    28
27   203
27   204
27   205
27   206
27   207
27   208
28    29
28   209
28   210
28   211
28   212
28   213
28   214
29    30
29   215
29   216
29   217
29   218
29   219
29   220
30    31
30   221
30   222
30   223
30   224
30   225
30   226
31    32
31   227
31   228
31   229
31   230
31   231
31   232
32    33
32   233
32   234
32   235
32   236
32   237
32   238
33    34
33   239
33   240
33   241
33   242
33   243
33   244
34    35
34   245
34   246
34   247
34   248
34   249
34   250
35    36
35   251
35   252
35   253
35   254
35   255
35   256
36    37
36   257
36   258
36   259
36   260
36   261
36   262
37    38
37   263
37   264
37   265
37   266
37   267
37   268
38    39
38   269
38   270
38   271
38   272
38   273
38   274
39    40
39   275
39   276
39   277
39   278
39   279
39   280
40    41
40   281
40   282
40   283
40   284
40   285
40   286
41    42
41   287
41   288
41   289
41   290
41   291
41   292
42    43
42   293
42   294
42   295
42   296
42   297
42   298
43    44
43   299
43   300
43   301
43   302
43   303
43   304
44    45
44   305
44   306
44   307
44   308
44   309
44   310
45    46
45   311
45   312
45   313
45   314
45   315
45   316
46    47
46   317
46   318
46   319
46   320
46   321
46   322
47    48
47   323
47   324
47   325
47   326
47   327
47   328
48    49
48   329
48   330
48   331
48   332
48   333
48   334
49    50
49   335
49   336
49   337
49   338
49   339
49   340
50    51
50   341
50   342
50   343
50   344
50   345
50   346
51    52
51   347
51   348
51   349
51   350
51   351
51   352
