Nombre del problema: CAT702
702 702 701
1     2
2     3
2   103
2   104
2   105
2   106
2   107
2   108
3     4
3   109
3   110
3   111
3   112
3   113
3   114
4     5
4   115
4   116
4   117
4   118
4   119
4   120
5     6
5   121
5   122
5   123
5   124
5   125
5   126
6     7
6   127
6   128
6   129
6   130
6   131
6   132
7     8
7   133
7   134
7   135
7   136
7   137
7   138
8     9
8   139
8   140
8   141
8   142
8   143
8   144
9    10
9   145
9   146
9   147
9   148
9   149
9   150
10    11
10   151
10   152
10   153
10   154
10   155
10   156
11    12
11   157
11   158
11   159
11   160
11   161
11   162
12    13
12   163
12   164
12   165
12   166
12   167
12   168
13    14
13   169
13   170
13   171
13   172
13   173
13   174
14    15
14   175
14   176
14   177
14   178
14   179
14   180
15    16
15   181
15   182
15   183
15   184
15   185
15   186
16    17
16   187
16   188
16   189
16   190
16   191
16   192
17    18
17   193
17   194
17   195
17   196
17   197
17   198
18    19
18   199
18   200
18   201
18   202
18   203
18   204
19    20
19   205
19   206
19   207
19   208
19   209
19   210
20    21
20   211
20   212
20   213
20   214
20   215
20   216
21    22
21   217
21   218
21   219
21   220
21   221
21   222
22    23
22   223
22   224
22   225
22   226
22   227
22   228
23    24
23   229
23   230
23   231
23   232
23   233
23   234
24    25
24   235
24   236
24   237
24   238
24   239
24   240
25    26
25   241
25   242
25   243
25   244
25   245
25   246
26    27
26   247
26   248
26   249
26   250
26   251
26   252
27    28
27   253
27   254
27   255
27   256
27   257
27   258
28    29
28   259
28   260
28   261
28   262
28   263
28   264
29    30
29   265
29   266
29   267
29   268
29   269
29   270
30    31
30   271
30   272
30   273
30   274
30   275
30   276
31    32
31   277
31   278
31   279
31   280
31   281
31   282
32    33
32   283
32   284
32   285
32   286
32   287
32   288
33    34
33   289
33   290
33   291
33   292
33   293
33   294
34    35
34   295
34   296
34   297
34   298
34   299
34   300
35    36
35   301
35   302
35   303
35   304
35   305
35   306
36    37
36   307
36   308
36   309
36   310
36   311
36   312
37    38
37   313
37   314
37   315
37   316
37   317
37   318
38    39
38   319
38   320
38   321
38   322
38   323
38   324
39    40
39   325
39   326
39   327
39   328
39   329
39   330
40    41
40   331
40   332
40   333
40   334
40   335
40   336
41    42
41   337
41   338
41   339
41   340
41   341
41   342
42    43
42   343
42   344
42   345
42   346
42   347
42   348
43    44
43   349
43   350
43   351
43   352
43   353
43   354
44    45
44   355
44   356
44   357
44   358
44   359
44   360
45    46
45   361
45   362
45   363
45   364
45   365
45   366
46    47
46   367
46   368
46   369
46   370
46   371
46   372
47    48
47   373
47   374
47   375
47   376
47   377
47   378
48    49
48   379
48   380
48   381
48   382
48   383
48   384
49    50
49   385
49   386
49   387
49   388
49   389
49   390
50    51
50   391
50   392
50   393
50   394
50   395
50   396
51    52
51   397
51   398
51   399
51   400
51   401
51   402
52    53
52   403
52   404
52   405
52   406
52   407
52   408
53    54
53   409
53   410
53   411
53   412
53   413
53   414
54    55
54   415
54   416
54   417
54   418
54   419
54   420
55    56
55   421
55   422
55   423
55   424
55   425
55   426
56    57
56   427
56   428
56   429
56   430
56   431
56   432
57    58
57   433
57   434
57   435
57   436
57   437
57   438
58    59
58   439
58   440
58   441
58   442
58   443
58   444
59    60
59   445
59   446
59   447
59   448
59   449
59   450
60    61
60   451
60   452
60   453
60   454
60   455
60   456
61    62
61   457
61   458
61   459
61   460
61   461
61   462
62    63
62   463
62   464
62   465
62   466
62   467
62   468
63    64
63   469
63   470
63   471
63   472
63   473
63   474
64    65
64   475
64   476
64   477
64   478
64   479
64   480
65    66
65   481
65   482
65   483
65   484
65   485
65   486
66    67
66   487
66   488
66   489
66   490
66   491
66   492
67    68
67   493
67   494
67   495
67   496
67   497
67   498
68    69
68   499
68   500
68   501
68   502
68   503
68   504
69    70
69   505
69   506
69   507
69   508
69   509
69   510
70    71
70   511
70   512
70   513
70   514
70   515
70   516
71    72
71   517
71   518
71   519
71   520
71   521
71   522
72    73
72   523
72   524
72   525
72   526
72   527
72   528
73    74
73   529
73   530
73   531
73   532
73   533
73   534
74    75
74   535
74   536
74   537
74   538
74   539
74   540
75    76
75   541
75   542
75   543
75   544
75   545
75   546
76    77
76   547
76   548
76   549
76   550
76   551
76   552
77    78
77   553
77   554
77   555
77   556
77   557
77   558
78    79
78   559
78   560
78   561
78   562
78   563
78   564
79    80
79   565
79   566
79   567
79   568
79   569
79   570
80    81
80   571
80   572
80   573
80   574
80   575
80   576
81    82
81   577
81   578
81   579
81   580
81   581
81   582
82    83
82   583
82   584
82   585
82   586
82   587
82   588
83    84
83   589
83   590
83   591
83   592
83   593
83   594
84    85
84   595
84   596
84   597
84   598
84   599
84   600
85    86
85   601
85   602
85   603
85   604
85   605
85   606
86    87
86   607
86   608
86   609
86   610
86   611
86   612
87    88
87   613
87   614
87   615
87   616
87   617
87   618
88    89
88   619
88   620
88   621
88   622
88   623
88   624
89    90
89   625
89   626
89   627
89   628
89   629
89   630
90    91
90   631
90   632
90   633
90   634
90   635
90   636
91    92
91   637
91   638
91   639
91   640
91   641
91   642
92    93
92   643
92   644
92   645
92   646
92   647
92   648
93    94
93   649
93   650
93   651
93   652
93   653
93   654
94    95
94   655
94   656
94   657
94   658
94   659
94   660
95    96
95   661
95   662
95   663
95   664
95   665
95   666
96    97
96   667
96   668
96   669
96   670
96   671
96   672
97    98
97   673
97   674
97   675
97   676
97   677
97   678
98    99
98   679
98   680
98   681
98   682
98   683
98   684
99   100
99   685
99   686
99   687
99   688
99   689
99   690
100   101
100   691
100   692
100   693
100   694
100   695
100   696
101   102
101   697
101   698
101   699
101   700
101   701
101   702
