Nombre del problema: DWT234
117 117 162
1     3
1    18
1    24
1    26
1    36
1    38
1    47
1    63
2    19
2   106
3    35
4    28
4   111
5    18
5    44
5    55
5    74
5    91
5   101
6     9
6    37
7    40
7    75
8    10
8    22
8    36
8    85
9    12
9    22
9    39
9    45
9    47
9    62
9    70
10    48
11    60
11    81
12    65
13    31
13    71
13    80
13    95
13   117
14    59
14    65
15    48
16    81
17    37
17    97
19    33
19    41
19    53
19    72
20    76
20    81
21    29
21    37
23    61
23   110
24   111
25   110
25   114
26    65
27    48
27    62
28   105
28   107
28   113
28   115
29   114
30    67
30   106
32    39
32    72
32    84
32   112
34    90
34   114
35    43
35    46
35    59
35    96
35   104
37    64
37    89
37   112
38    68
40    81
41    97
42    65
42   111
43   114
44    70
45   114
46    83
48    82
48    84
49    92
49    93
50    75
50    90
51    60
52    81
52    90
53    89
54    92
54   114
55   110
56    93
56    95
57    73
57   114
58    60
58    93
60    80
60    88
60   117
61    93
63   116
64    65
65    78
65    94
65   100
66    76
67    77
67    85
67    87
67   116
68   110
69    81
69    92
71    76
73    75
74    93
75   103
76    80
76    99
76   109
77   111
78   114
79    90
79    91
80    81
82   106
83    92
86    90
86    93
88   108
90    98
90   108
92    98
92   102
92   103
93    96
93   109
94    97
97   105
99   102
100   113
101   114
104   110
106   107
