Nombre del problema: GENT113
104 104 549
1    10
1    14
1    41
1    77
1    83
1   104
2    52
2    77
2    90
3    57
3    64
3    89
4    76
4    85
4    96
5     7
5    10
5    14
5    26
5    41
5    43
5    64
5    68
5    71
5    73
5    76
5    77
5    82
5    83
5    95
5    99
6     9
6    19
6    21
6    24
6    36
6    37
6    39
6    44
6    48
6    61
6    74
6    91
7    13
7    18
7    26
7    27
7    32
7    41
7    43
7    64
7    73
7    76
7    77
7    82
7    83
7    94
7    95
8    15
8    28
8    29
8    30
8    40
8    41
8    45
8    46
8    47
8    55
8    58
8    62
8    63
8    67
8    73
8    80
8    82
8    93
8    98
9    19
9    83
10    14
10    24
10    27
10    32
10    36
10    39
10    53
10    74
11    43
11    75
11    84
12    20
12    24
12    31
12    40
12    42
12    58
12    60
12    66
12    74
12   101
12   103
13    26
13    27
13    32
13    99
14    18
14    24
14    27
14    32
14    36
14    38
14    39
14    42
14    53
14    54
14    71
14    74
14    81
15    20
15    24
15    31
15    40
15    42
15    58
15    59
15    66
15    70
15    74
15   101
16    45
16    62
16    70
16    82
16    97
16    98
16   103
17    33
17    43
17    49
17    56
17    64
17    69
17    75
17    77
17    78
17    86
17    89
17    90
17    92
17   102
18    24
18    27
18    32
18    42
18    53
18    68
18    74
18    81
18    99
19    83
20    29
20    66
20    73
21    35
21    48
21    61
21    65
21    76
21    83
21    91
21    95
21    96
22    33
22    43
22    49
22    56
22    64
22    69
22    75
22    77
22    78
22    86
22    89
22    90
22    92
22   102
23    43
23    54
23    82
23    95
24    28
24    29
24    35
24    45
24    46
24    47
24    49
24    50
24    62
24    63
24    67
24    70
24    71
24    75
24    86
24    89
24    90
24    96
24    98
24   103
25    28
25    41
25    47
25    67
25    70
25   100
25   103
26    27
26    32
26    68
26    94
26    99
27    41
27    43
27    64
27    68
27    71
27    73
27    76
27    77
27    82
27    83
27    94
27    95
27    99
28    31
28    36
28    39
28    40
28    55
28    58
28    59
28    70
28    74
28   100
28   101
29    31
29    36
29    40
29    42
29    55
29    58
29    66
29    74
29   101
30    40
30    58
30    80
30   101
31    40
31    41
31    45
31    47
31    55
31    58
31    62
31    63
31    67
31    73
31    80
31    82
31    98
32    41
32    43
32    64
32    68
32    71
32    73
32    76
32    77
32    82
32    83
32    94
32    95
32    99
33    56
33    69
33   102
34    43
34    49
34    56
34    64
34    69
34    75
34    77
34    78
34    89
34    90
34   102
35    36
35    37
35    38
35    44
35    48
35    51
35    61
35    74
35    79
35    91
36    45
36    47
36    49
36    62
36    63
36    67
36    70
36    71
36    75
36    89
36    90
36    96
36    98
36   103
37    48
37    50
37    61
37    65
37    76
37    83
37    87
37    88
37    91
37    95
37    96
38    45
38    62
38    70
38    71
38    75
38    98
38   103
39    47
39    67
39    70
39    90
39   103
40    41
40    45
40    46
40    47
40    62
40    63
40    67
40    70
40    73
40    80
40    82
40    93
40    98
40   101
40   103
41    55
41    58
41    68
41    99
41   100
41   101
41   104
42    70
42    89
42    96
42   103
43    54
43    56
43    68
43    78
43    84
43    99
43   102
44    48
44    50
44    61
44    65
44    76
44    83
44    87
44    88
44    91
44    95
44    96
45    55
45    58
45    59
45    70
45    74
45    97
45   101
46    58
46    74
46   101
47    55
47    58
47    74
47   100
47   101
48    50
48    65
48    76
48    83
48    87
48    88
48    95
48    96
49    56
49    74
49    78
49   102
50    61
50    74
51    79
51    95
52    77
52    90
53    71
54    71
54    82
54    95
55    62
55    63
55    67
55    70
55    73
55    80
55    82
55    98
55   101
55   103
56    64
56    69
56    75
56    77
56    86
56    89
56    90
56    92
57    64
57    89
58    62
58    63
58    67
58    70
58    73
58    80
58    82
58    93
58    98
58   101
58   103
59    70
60    62
60    67
60   103
61    65
61    76
61    83
61    87
61    88
61    95
61    96
62    74
62    97
62   101
62   103
63    74
63   101
64    68
64    72
64    78
64    81
64    99
64   102
65    87
65    88
65    91
66    70
66    73
66   103
67    74
67   100
67   101
67   103
68    73
68    76
68    77
68    82
68    83
68    95
69    78
69    92
69   102
70    74
71    74
72    73
72    76
72    81
73    81
73    99
73   101
74    75
74    86
74    89
74    90
74    96
74    98
74   103
75    78
75    84
75   102
76    81
76    85
76    91
76    99
77    78
77    99
77   102
77   104
78    89
78    90
79    95
80    93
80   101
82    97
82    99
82   101
83    91
83    99
83   104
85    96
86   102
89   102
90   102
91    95
91    96
92   102
93   101
94    99
95    99
97    98
98   101
