Nombre del problema: IMPCOLC
137 137 352
1    50
1    57
1    88
1   100
1   101
2    20
2    33
2    52
2    76
2   102
2   131
3    15
3    26
3    40
3    54
3    76
3   101
3   123
4    79
4   116
4   118
5     7
5    65
5   100
5   117
6    29
6    33
6    62
6    94
6   128
6   132
7    47
7    57
7    65
7    85
7    88
7   109
7   117
8    25
8    76
8    79
8    87
8   124
8   131
9    69
9   107
9   120
9   126
9   137
10    18
10    32
10    44
10    53
10   105
10   116
11    41
11    65
11    85
11    88
11   122
12    30
12    52
12    76
12    80
12    81
12   131
13    69
13    72
14    38
14    58
14    62
14    68
14    95
14   135
15    20
15    44
15    73
15    76
15    80
15    86
15    87
15   102
15   131
15   135
16    69
16   106
17    20
17    25
17    44
17    52
17    76
17    79
17    81
17   112
17   131
17   133
18    27
18    44
19    32
19    62
20    38
21    41
21   102
21   127
22    36
22    74
22    83
22    89
22   111
22   120
22   123
22   127
23    86
23   102
23   135
24    62
24   118
25   114
25   136
26    54
26    55
26   113
26   114
26   116
27    36
27    80
28    44
28    50
28    51
28    87
28   120
29    58
29    66
29    93
29   110
29   132
30    60
30    86
30    97
30   116
30   126
31    56
31    83
31    87
31   102
31   104
32    62
32    72
32    98
32   121
33    45
33    67
33    80
33   116
34    64
34    73
34   124
35    49
35    86
35    87
35   100
35   127
36    39
36    61
36    89
36   115
36   127
37    62
37   126
38    58
39    73
39    87
39   122
39   130
40    87
40    90
41    80
41    87
41    89
42    61
42    70
42    90
42   134
43    73
43   101
43   111
44    45
44    54
44   102
45    80
46    55
46    99
46   112
47    57
47    88
47   122
48    55
48    69
48    71
48   111
48   129
49    80
49   120
50    88
50   109
50   117
51    83
51    86
52   132
53    76
53    81
53    86
53   131
53   133
54    64
54    73
54    80
54    86
54    87
54   104
55    59
55    62
55    99
56    85
56    88
56   103
56   109
58    66
58    99
58   110
58   116
58   121
58   134
59    62
60    70
60   107
60   121
61   115
62    77
62    78
62    94
62    95
62   118
62   126
63    74
63   106
63   108
64    80
64    96
65   103
66    67
66    75
66   110
66   121
66   126
67    70
67   125
68    69
68    82
68    89
68    92
69    71
69    72
69    82
69    84
69    91
69   106
69   115
69   128
69   137
70    93
70   105
70   108
70   110
70   113
70   116
70   121
72    83
72   119
73   104
73   114
73   124
74    89
74   101
74   106
74   120
74   127
74   130
75    81
75   126
76   112
76   114
77    78
77   106
77   124
77   134
77   136
79   131
83    89
83   111
83   119
84   128
85   117
86    97
87    90
87    96
87   101
87   130
88   100
88   109
88   122
89    92
89   111
89   120
89   127
90   116
90   118
90   131
91   115
92    93
93   135
96   109
96   111
96   123
97   104
98   121
98   133
99   108
99   110
99   134
100   122
102   135
105   119
107   120
108   124
110   113
110   121
110   134
111   120
111   129
112   114
113   129
114   131
115   118
116   118
116   124
116   134
116   135
125   127
125   128
127   128
134   136
