Nombre del problema: IMPCOLB
59 59 281
1     4
1     9
1    46
2    14
2    24
2    50
3    17
3    22
3    23
3    25
3    31
3    45
3    52
3    55
3    58
4    35
5    11
5    18
5    19
5    20
5    21
5    22
5    27
5    29
5    34
5    37
5    41
5    42
5    43
5    48
5    49
5    54
5    56
6    29
6    34
6    38
6    43
6    45
6    56
6    57
7    17
7    23
7    25
7    31
7    32
7    37
7    54
7    55
7    58
8    26
8    29
8    34
8    43
8    45
8    52
8    57
9    11
9    20
9    21
9    30
9    42
9    47
9    48
9    54
10    29
10    34
10    39
10    41
10    43
10    45
10    57
11    20
11    21
11    30
11    42
11    44
11    48
11    54
12    25
12    49
13    18
13    19
13    20
13    21
13    22
13    27
13    29
13    34
13    37
13    41
13    42
13    43
13    48
13    53
13    54
13    56
13    57
14    18
14    19
14    20
14    21
14    22
14    27
14    29
14    34
14    37
14    41
14    42
14    43
14    45
14    48
14    54
14    56
15    18
15    19
15    20
15    21
15    22
15    27
15    29
15    34
15    37
15    41
15    42
15    43
15    44
15    48
15    54
15    56
16    26
16    29
16    33
16    34
16    43
16    45
16    57
17    23
17    25
17    31
17    32
17    34
17    35
17    36
17    55
17    57
17    58
17    59
18    23
18    30
18    46
19    21
19    22
19    28
19    46
19    52
20    21
20    42
20    43
20    46
20    47
20    48
20    50
20    54
21    38
21    46
21    47
21    48
21    50
21    54
22    46
22    48
23    24
23    25
23    31
23    32
23    35
23    36
23    55
23    57
23    58
25    31
25    32
25    35
25    36
25    43
25    55
25    57
25    58
26    29
26    34
26    43
26    45
26    57
27    31
27    46
27    48
27    52
27    59
28    29
28    34
28    38
28    43
28    45
28    57
28    58
29    33
29    39
29    46
29    55
29    58
29    59
30    47
30    49
30    50
31    32
31    35
31    36
31    51
31    55
31    57
31    58
32    38
32    40
32    55
32    58
33    34
33    39
33    43
33    45
33    57
34    39
34    46
34    55
34    59
35    55
35    57
35    58
36    41
36    42
36    55
36    58
37    42
37    46
37    52
37    55
38    52
38    56
38    59
39    43
39    45
39    57
40    44
41    45
41    46
41    52
42    45
42    46
42    47
42    50
42    54
43    46
43    55
43    59
45    55
45    59
46    48
46    54
46    56
47    48
47    50
47    53
47    54
48    50
50    54
51    53
52    56
54    56
55    57
55    58
57    58
57    59
