Nombre del problema: LNSP131
123 123 275
1    43
1   113
2    11
2    38
2    88
2    92
2   118
3    20
4    10
4    16
5    15
5    19
5    22
5    33
5    35
5    65
5    83
5    85
5    86
5    89
6    41
6    59
6    61
6   111
7    59
7   100
8    27
8    30
8    44
8   119
9    53
9    65
9    71
9    97
11    16
11    23
11    31
11    34
11    51
11    58
11    67
11    73
11    81
11   110
11   113
12    19
12    20
12    50
12    86
13    19
13    29
13    45
13    77
13    82
14    18
14    48
14    69
14    83
15    19
15    21
15    22
15    65
15    69
15    77
15    83
15    85
15    97
15   104
15   115
16    23
16    31
16    51
16    64
16    81
16    95
16    98
16   113
17    71
18    19
18    20
18    29
18    37
18    41
18    48
18    69
18    75
18    83
18    99
18   111
19    20
19    35
19    50
19    83
19    85
19    86
19   109
20    37
20    50
20    75
20    83
20    86
20   111
21    65
21    97
21   115
22    33
22    53
22    65
23    31
23    32
23    34
23    39
23    63
23    67
23    81
23   106
24    38
25    53
25    65
26    70
26    86
27    43
27   110
27   113
27   119
28   116
29   103
29   107
29   121
30   119
31    81
33    35
33    89
34    38
34    39
34    63
34    67
34    69
34    96
34    97
34   106
34   115
34   123
35    70
35    86
36    58
36    90
36    91
36   108
36   110
37    75
37   111
38    54
38   121
39    63
39    71
39    72
39    76
39    84
39    97
39   106
39   115
40   107
41    44
41    48
41    55
41    59
41    61
41    90
41   107
41   110
41   111
41   119
42   111
43    51
43   113
44    59
44    93
44   119
46    71
47    56
47    71
48    55
48    67
48    69
48    83
48   110
48   111
48   119
49    70
49    86
50    86
51    64
51   113
52    99
53    65
54    77
54    87
54    97
54   120
55   110
55   119
57    92
58    78
58    94
58    96
59    61
59    74
59    93
59   111
59   112
59   119
60   109
61   111
62    96
62    97
62   104
62   105
62   114
63   106
64    95
64    98
65    71
65    97
65   115
66    71
67    69
67    73
67   110
67   113
67   115
67   123
68    77
69    83
69    91
69   110
69   115
69   121
69   123
70    86
71    76
71    84
71    97
73   110
73   113
74    93
75   111
76    84
76    97
77   121
79   107
80   109
83    85
83   115
84    97
86   116
90    99
90   102
90   117
91    96
91    99
91   104
92   107
92   110
92   121
93   112
96   122
97   115
99   109
101   104
104   109
110   113
110   119
113   119
115   123
