Nombre del problema: NOS1
158 158 312
1    62
1    70
1    86
1    97
2    12
2    20
2    50
2   151
3     4
3    33
3   113
3   141
4    29
4    43
4   128
5    30
5    36
5    74
5    77
6    25
6    32
6   132
6   138
7    53
7    59
7    79
7   153
8   104
8   116
8   148
8   155
9    44
9    54
9   109
9   143
10    57
10    85
10   136
10   149
11    12
11    20
11    50
11   151
12    69
12    78
13    20
13    41
13    50
13   122
14    31
14    60
14   100
14   131
15    89
15   101
15   115
15   130
16    28
16    82
16   108
16   158
17    31
17    60
17   117
17   118
18    82
18    96
18   106
18   158
19    23
19    62
19    97
19   120
20    34
21    44
21    54
21   109
21   143
22    42
22    90
23    55
23    65
23   121
24    45
24    76
24    92
24   105
25    67
25    69
25    78
26    27
26    61
26   117
26   118
27    66
27   119
27   156
28    42
28    90
28   111
29    37
29   113
29   135
30    49
30    58
30    94
31   114
31   146
32    36
32    67
32    77
33    43
33    47
33    64
34    41
34    50
34   122
35    71
35    83
35   125
35   139
36    49
36   132
37    48
37    91
37   128
38   119
38   156
39    53
39   103
39   147
39   153
40    71
40    83
40   104
40   116
41    45
41    76
42    68
42   108
43   113
43   141
44   103
44   147
45   122
45   123
46    59
46    79
46    99
46   107
47    92
47   105
47   141
48    54
48   109
48   135
49    74
49    77
51   112
51   134
51   144
51   152
52    53
52    59
52    79
52   153
53   102
54    91
55    62
55    97
55   120
56    62
56    70
56    86
56    97
57    72
57    81
57   124
58    74
58   148
58   155
59   145
60   114
60   146
61    66
61   119
61   156
63    70
63    86
63   100
63   131
64    92
64   105
64   141
65   101
65   115
65   120
66   117
66   118
67   132
67   138
68    90
69   138
69   151
70   133
71    95
71   157
72    85
72    96
72   106
73    75
73   126
73   142
73   154
74    94
75    84
75   110
75   127
76   122
76   123
77   132
78   138
78   151
79   145
80    84
80   127
80   136
80   149
81    85
81    96
81   106
82    98
82   111
83    95
83   157
84   140
84   154
85   124
86   133
87   112
87   125
87   134
87   139
88   104
88   116
88   148
88   155
89    99
89   107
89   150
90   108
91   109
91   135
92   123
93   119
93   156
94   148
94   155
95   125
95   139
96    98
98   106
98   158
99   130
99   145
100   133
100   146
101   121
101   150
102   103
102   147
102   153
103   143
104   157
105   123
107   130
107   145
108   111
110   126
110   142
110   154
111   158
112   129
112   137
113   128
114   117
114   118
115   121
115   150
116   157
120   121
124   136
124   149
125   129
126   144
126   152
127   140
127   154
128   135
129   134
129   139
130   150
131   133
131   146
134   137
136   140
137   144
137   152
140   149
142   144
142   152
143   147
