Nombre del problema: WEST0167
167 167 489
1     5
1    12
1    19
1    21
1    52
2     6
2    13
2    20
2    22
2    68
3     4
3     7
3     9
3    12
3    14
3    19
3    22
3    23
3    52
3    61
3    68
4     5
4     6
4     7
4    13
4    14
4    20
4    58
5     7
5    10
5    14
5    17
5    78
6     8
6    11
6    15
6    39
6    40
6    58
6    71
6    78
7    16
8     9
8    87
8    88
8    89
8    90
8    95
8    98
8    99
8   101
8   102
8   130
8   131
8   132
8   139
8   140
8   141
8   142
8   162
8   163
9    98
9    99
9   101
9   136
9   166
9   167
10    12
10    13
10   135
11   145
12    19
12    20
12    79
12    80
12    83
12    84
12    96
12    97
12   135
12   137
12   145
13    23
13    79
13    80
13    83
13    84
13    96
13    97
13   135
13   138
13   145
14    24
15    25
15   104
15   105
15   106
15   107
15   112
15   115
15   116
15   118
15   119
15   146
15   147
15   148
15   155
15   156
15   157
15   158
16    26
16   115
16   116
16   118
16   152
17    23
17    25
17    27
17   151
18    24
18    26
18    28
18   161
19    23
19    25
19    29
19   113
19   114
19   124
19   125
19   151
19   153
19   161
20    24
20    26
20    30
20   113
20   114
20   124
20   125
20   151
20   154
20   161
21    31
21   166
22    27
22    28
22    31
22    32
22   167
23    29
23    30
23    33
24    32
24    34
25    33
25    35
26    34
26    35
26    36
27    36
27    37
28    33
28    38
29    33
29    37
29    39
30    40
31    41
32    42
32    51
32    67
33    43
33    51
33    66
34    40
34    42
34    44
35    41
35    43
35    45
36    40
36    42
36    46
36    51
37    41
37    43
37    47
37    65
37    66
38    48
38    51
38    67
39    44
39    45
39    48
39    49
39    51
39    67
40    46
40    47
40    50
41    49
41    51
42    50
42    52
43    51
43    52
43    53
44    53
44    54
45    50
45    55
46    50
46    54
46    56
47    57
48    58
49    57
49    59
49    77
50    57
50    59
50    60
50    76
51    60
51    61
52    57
52    58
52    61
53    57
53    62
54    63
54    75
54    76
55    57
55    64
55    77
56    57
56    64
56    65
56    77
57    65
57    66
58    62
58    63
58    66
59    67
60    68
61    69
62    70
63    70
63    71
64    70
64    72
65    73
66    74
67    68
67    73
67    74
67    75
68    69
68    71
68    72
68    75
69    76
70    77
71    78
72    79
73    79
73    80
74    79
74    81
75    82
76    78
76    83
77    78
77    82
77    83
77    84
78    80
78    81
78    84
79    85
80    86
81    85
81    87
82    86
82    88
83    85
83    86
83    87
83    89
84    85
84    86
84    88
84    90
85    89
85    91
86    90
86    92
87    93
88    94
89    95
90    96
91    93
91    95
91    97
91   166
92    94
92    96
92    98
92   167
93    95
93    99
94    96
94   100
95   101
96    97
96    98
96   101
96   102
97    99
97   100
97   103
98   102
98   104
99   103
99   105
100   104
100   105
100   106
101   106
101   107
102   103
102   108
102   134
102   144
103   107
103   109
103   134
103   143
104   110
105   111
106   112
106   134
107   113
107   142
107   143
108   110
108   112
108   114
108   134
108   144
109   111
109   113
109   115
109   134
109   144
110   112
110   116
111   113
111   117
112   118
113   114
113   115
113   118
113   119
114   116
114   117
114   120
114   124
115   119
115   121
115   125
116   120
116   122
116   126
117   121
117   122
117   123
117   127
118   123
118   124
118   125
119   120
119   125
119   126
119   127
119   150
119   160
120   121
120   124
120   126
120   127
120   150
120   159
121   124
121   127
122   123
122   127
122   128
123   126
123   127
123   129
123   150
124   130
124   158
124   159
125   126
125   127
125   131
125   150
125   160
126   128
126   129
126   130
126   132
126   150
126   160
127   128
127   129
127   131
127   133
128   132
128   134
129   133
129   135
130   136
131   137
132   138
133   138
133   139
134   139
134   140
134   166
135   136
135   137
135   140
135   167
136   141
137   142
138   143
139   144
140   144
140   145
141   144
141   145
141   146
142   145
142   147
143   145
143   148
144   147
144   148
144   149
145   146
145   149
146   150
147   151
148   152
149   152
149   153
150   151
150   153
150   154
151   154
152   155
153   156
154   157
155   158
155   161
156   158
156   159
156   161
157   158
157   160
157   161
158   161
159   161
159   162
160   161
160   162
160   163
161   163
162   164
163   165
164   166
165   167
