Nombre del problema: WEST0156
156 156 371
1    74
1    80
1    91
1   106
1   147
1   148
2    21
2    40
2    73
2    78
2    90
2   104
2   107
2   148
2   149
3    59
3   106
3   107
3   108
3   134
3   149
4    51
4    52
4    53
4   113
5    52
5    53
5    54
5    83
6    54
6    59
6    84
7    84
7    85
7    92
7   118
7   119
8    84
8    92
8   119
8   120
9    59
9    85
9    86
9   105
9   113
9   120
10    86
10    87
10   150
10   151
11    87
11    89
11   150
11   152
11   153
11   156
12    88
12    89
12   152
12   154
13    88
13    90
13   153
13   155
14    86
14    91
14   154
14   156
15    53
15   114
15   155
15   156
16    83
16    92
16   134
16   156
17    51
17    53
17   115
17   118
17   119
17   122
17   138
17   141
18    53
18   118
18   141
18   143
19    51
19   115
19   123
19   143
20    51
20   119
20   123
20   143
20   145
20   146
21   116
21   144
22   120
22   131
22   133
23    52
23   117
23   132
23   133
24    52
24   121
24   133
24   135
25   119
25   122
25   124
25   127
25   128
25   131
25   134
25   135
26   122
26   127
26   137
26   138
27   119
27   124
27   132
27   144
27   145
28   119
28   128
28   132
28   142
28   146
29   120
29   121
29   122
29   125
30   120
30   121
30   123
30   124
30   127
30   129
31   121
31   123
31   125
31   126
32   121
32   124
32   126
32   130
33   125
33   127
33   128
33   136
34    62
34   126
34   127
34   130
35   105
35   127
35   131
35   137
36    63
36   109
36   112
36   129
37    63
37    64
37   112
37   114
38    64
38    65
38   114
38   128
38   129
38   131
39    65
39    66
39   114
39   116
39   117
40    66
40    67
40   115
41    67
41    68
41   102
41   104
42    68
42    69
42   103
42   104
43    70
43   104
43   106
44    70
44    71
44   105
44   106
45    71
45    72
45   108
45   109
46    69
46    72
46    73
46   115
46   116
47    65
47    74
47   113
47   117
48    55
48   111
48   120
48   136
48   138
49   118
49   120
49   139
50    55
50    56
50   101
50   120
50   140
50   142
51   137
51   141
52   139
54    61
54   102
54   103
54   110
54   117
54   138
54   139
54   141
55    63
55   107
55   133
55   135
55   138
55   141
56    66
56    99
56   102
56   113
57    67
57   100
57   103
57   113
57   134
58    60
58    76
58   139
58   140
59    62
59   136
60    64
60    76
60   128
60   143
61    65
61    76
61   129
62   145
64   146
65   147
68    93
69    94
69   144
70    95
70   144
71    96
72    95
72    97
73    95
73    98
74    96
74    99
75    91
75    93
75    96
75   100
76    91
76    92
76    97
76    98
76   101
76   144
77    93
77    94
77    99
77   100
77   101
78    94
78   102
78   144
79    95
79    96
79   101
79   102
79   103
80    96
80   104
80   105
81    82
81    84
81    97
81   103
81   105
82    84
82    98
82   146
82   151
83   152
84   146
84   156
85   143
85   147
85   153
86   143
86   148
86   153
87   144
87   149
88   144
88   154
89   145
89   150
90   145
90   155
91   143
92   147
95   143
95   146
97   146
99   111
100   112
101   114
107   110
109   110
109   131
109   132
109   139
109   146
110   136
111   113
111   128
111   131
111   142
112   129
112   132
112   142
113   127
114   127
124   140
124   156
125   153
125   156
126   137
126   151
127   130
127   156
130   135
133   140
133   149
134   137
135   149
