Nombre del problema: WEST0132
132 132 404
1    19
1    24
1    34
2    15
2    20
2    24
3    16
3    21
3    22
4    17
4    22
4    23
5    18
5    23
5    24
6    15
6    17
6    19
6    25
6    34
7    16
7    18
7    20
7    26
7    34
8    15
8    17
8    21
8    27
8    34
9    16
9    18
9    22
9    28
9    29
9    30
10    23
10    29
10    34
11    19
11    20
11    23
11    24
11    30
11    34
12    21
12    22
12    25
12    31
12    33
12    34
13    24
13    26
13    32
13    33
14    25
14    27
14    33
14    34
15    26
15    27
15    28
16    28
16    29
17    25
17    30
18    25
18    29
18    31
23    24
23    25
23    28
23    30
23    31
24    32
24    33
24    34
25    32
27    34
29    31
29    32
30    33
31    33
32    41
33    34
34    36
34    38
35    37
35    38
35    39
35    41
35    46
35    48
36    39
36    40
36    47
36    49
36   100
36   101
36   102
36   103
36   108
36   111
36   112
36   114
36   115
36   117
36   118
36   119
36   126
36   127
36   128
36   129
37    39
37    41
37    46
37   122
38    40
38    41
38    47
38   132
39    42
39    53
39    54
39    99
39   109
39   110
39   122
39   124
39   132
40    43
40    53
40    54
40    99
40   109
40   110
40   122
40   125
40   132
41    44
42    46
42    47
42    56
42    59
42    60
42    66
42    67
42    68
42    69
42    74
42    77
42    78
42    80
42    81
42    83
42    84
42    85
42    92
42    93
42    94
42    95
43    46
43    47
43    57
43    63
43    64
43    77
43    78
43    80
43    89
44    56
44    58
44    88
45    57
45    59
45    98
46    47
46    56
46    57
46    58
46    60
46    65
46    75
46    76
46    88
46    90
46    98
47    56
47    57
47    59
47    61
47    65
47    75
47    76
47    88
47    91
47    98
48    50
48    60
48    63
49    51
49    61
49    64
50    62
50    63
50   126
50   130
51    62
51    63
51    64
51   129
52    57
52    62
52    63
52    64
53    58
53    64
53    65
53   120
53   124
54    61
54    63
54    66
54   121
54   124
55    62
55    63
55    64
55    65
55    67
55   122
55   125
55   126
55   129
55   131
56    63
56    64
56    66
56    68
56   123
56   125
56   126
56   129
56   131
57    67
58    68
59    69
60    70
61    69
62    70
66    99
67   100
68   101
69   102
70    99
70   101
70   103
71    83
71    88
71   100
71   102
71   104
72    84
72    88
72    99
72   101
72   105
73    85
73    86
73   100
73   102
73   106
74    86
74    87
74   107
75    87
75    88
75   103
75   104
75   107
75   108
76   105
76   106
76   109
76   117
76   122
77   108
77   110
77   118
77   122
78   109
78   111
78   119
78   120
79   110
79   111
79   112
79   120
79   121
80   112
80   113
80   121
80   122
81    89
81    98
81   109
81   114
82    90
82    98
82   109
82   113
82   115
83    91
83    98
84    92
84    93
84    94
85    93
85    98
86    94
86    98
87    95
87    97
87   108
87   109
87   112
87   114
87   115
88    96
88    97
89    97
89    98
90   123
90   132
91   124
91   132
92   125
92   132
93   126
93   127
93   128
94   127
94   132
95   113
95   128
95   132
96   109
96   113
96   129
96   131
97   108
97   114
97   115
97   130
97   131
98   131
98   132
100   116
101   117
102   118
103   119
104   116
104   118
104   120
105   117
105   119
105   121
106   116
106   118
106   122
107   117
107   119
107   123
108   124
109   120
109   121
109   124
109   125
110   122
110   123
110   126
111   125
111   127
112   126
112   128
113   127
113   128
113   129
114   129
114   130
115   126
115   131
116   126
116   130
116   132
121   125
121   126
121   129
121   131
121   132
125   131
126   130
129   130
131   132
