Nombre del problema: WILL199
199 199 660
1    46
1    61
1    91
1   128
1   129
1   136
1   158
1   159
2    46
2    61
2    92
2   130
2   131
2   137
2   152
2   159
2   160
3    47
3    62
3    93
3   132
3   133
3   137
3   160
3   161
4    47
4    62
4    94
4   106
4   134
4   135
4   138
4   153
4   161
4   162
4   163
5    48
5    63
5    95
5   107
5   108
5   136
5   137
5   138
5   162
5   163
5   164
5   165
6    48
6    63
6    96
6   109
6   110
6   138
6   139
6   154
6   164
6   165
6   166
6   167
7    49
7    64
7    97
7   111
7   112
7   139
7   140
7   141
7   166
7   167
7   168
7   169
8    49
8    64
8    98
8   113
8   114
8   140
8   142
8   143
8   155
8   168
8   169
8   170
8   171
9    50
9    65
9    99
9   115
9   116
9   140
9   144
9   145
9   170
9   171
9   172
9   173
10    50
10    65
10   100
10   117
10   118
10   141
10   146
10   147
10   156
10   172
10   173
10   174
10   175
11    51
11    66
11   101
11   119
11   120
11   141
11   148
11   149
11   174
11   175
11   176
11   177
12    51
12    66
12   102
12   121
12   122
12   142
12   150
12   151
12   157
12   176
12   177
12   178
12   179
13    52
13    67
13   103
13   123
13   124
13   142
13   152
13   153
13   178
13   179
13   180
13   181
14    52
14    67
14   104
14   125
14   126
14   143
14   154
14   155
14   158
14   180
14   181
14   182
14   183
15    53
15    68
15   105
15   127
15   143
15   156
15   157
15   158
15   182
15   183
16    53
16    61
16    62
16    68
16   144
16   158
16   159
17    54
17    63
17    64
17    69
17   144
17   159
18    54
18    65
18    66
18    69
18   145
18   160
19    55
19    67
19    68
19    70
19   145
19   161
20    55
20    69
20    70
20   146
20   161
20   162
20   163
21    56
21    71
21    72
21   146
21   164
21   165
22    56
22    71
22    73
22    74
22   147
22   162
22   166
22   167
23    57
23    72
23    75
23    76
23   147
23   168
23   169
24    57
24    72
24    77
24    78
24   148
24   163
24   170
24   171
25    58
25    73
25    79
25    80
25   148
25   172
25   173
26    58
26    73
26    81
26    82
26   149
26   164
26   174
26   175
27    59
27    74
27    83
27    84
27   149
27   176
27   177
28    59
28    74
28    85
28    86
28   150
28   165
28   178
28   179
29    60
29    75
29    87
29    88
29   150
29   180
29   181
30    60
30    75
30    89
30    90
30   136
30   151
30   182
30   183
31    61
31    62
31    76
31    91
31   105
31   106
32    63
32    64
32    76
32    91
32    92
32   107
32   122
33    65
33    66
33    77
33    92
33    93
33   107
34    67
34    68
34    77
34    92
34    93
34    94
34   108
34   123
35    69
35    70
35    78
35    93
35    94
35    95
35   108
36    71
36    72
36    78
36    93
36    95
36    96
36   109
36   124
37    73
37    74
37    79
37    94
37    96
37    97
37   109
38    75
38    76
38    79
38    94
38    97
38    98
38   110
38   125
39    77
39    78
39    80
39    95
39    98
39    99
39   110
40    79
40    80
40    95
40    99
40   100
40   111
40   126
41    81
41    82
41    96
41   100
41   101
41   111
42    81
42    83
42    84
42    96
42   101
42   102
42   112
42   127
43    82
43    85
43    86
43    97
43   102
43   103
43   112
44    82
44    87
44    88
44    97
44   103
44   104
44   113
44   128
45    83
45    89
45    90
45    98
45   104
45   105
45   113
46    83
46    98
46   114
46   129
47    84
47    99
47   114
48    84
48    99
48   115
48   130
49    85
49   100
49   106
49   115
50    85
50   100
50   107
50   108
50   116
50   131
51    86
51   101
51   109
51   110
51   116
52    86
52   101
52   111
52   112
52   117
52   132
53    87
53   102
53   113
53   114
53   117
54    87
54   102
54   115
54   116
54   118
54   133
55    88
55   103
55   117
55   118
56    88
56   103
56   119
56   120
56   134
57    89
57   104
57   119
57   121
57   122
58    89
58   104
58   120
58   123
58   124
58   135
59    90
59   105
59   120
59   125
59   126
60    90
60   105
60   106
60   121
60   127
61    91
61   136
61   151
62    92
62   106
62   121
63    93
63   137
63   152
64    94
64   107
64   122
65    95
65   138
65   153
66    96
66   108
66   123
67    97
67   139
67   154
68    98
68   109
68   124
69    99
69   140
69   155
70   100
70   110
70   125
71   101
71   141
71   156
72   102
72   111
72   126
73   103
73   142
73   157
74   104
74   112
74   127
75   105
75   143
75   158
76   113
76   128
76   129
77   130
77   131
77   144
77   159
78   114
78   129
78   132
78   133
79   134
79   135
79   145
79   160
80   115
80   130
80   136
80   137
81   138
81   139
81   146
81   161
82   116
82   131
82   140
82   141
83   142
83   143
83   147
83   162
84   117
84   132
84   144
84   145
85   146
85   147
85   148
85   163
86   118
86   133
86   148
86   149
87   149
87   150
87   151
87   164
88   119
88   134
88   152
88   153
89   150
89   154
89   155
89   165
90   120
90   135
90   156
90   157
106   166
107   166
108   167
109   167
110   168
111   168
111   191
112   169
112   192
113   169
113   193
114   170
114   194
115   170
115   195
116   171
116   196
117   171
117   197
118   172
119   172
120   173
121   173
122   174
123   174
124   175
124   191
125   175
125   191
125   192
126   176
126   192
126   193
127   176
127   193
127   194
128   177
128   194
128   195
129   178
129   195
129   196
130   178
130   196
130   197
131   179
131   197
132   179
133   180
134   180
135   181
136   181
136   183
137   182
137   185
138   182
138   187
139   183
139   189
140   183
141   184
142   184
143   185
144   185
145   186
146   186
147   187
148   187
149   188
150   188
151   184
151   189
152   186
152   189
153   188
153   190
154   190
155   191
156   191
157   177
162   192
164   192
164   193
166   193
166   194
168   194
168   195
170   195
170   196
172   196
172   197
174   197
174   198
176   198
192   199
193   199
194   199
196   199
197   199
198   199
